0    4.649671   0.466174  350.064769       8.052303       0
1    4.576585   0.456586  350.157921       7.976743       0
2    4.553053   0.534256  349.953658       7.853427       0
3    4.624196   0.288672  349.827508       7.843771       0
4    4.498717   0.511425  349.909198       7.758770       0
5    4.746565   0.457422  350.006753       7.757525       0
6    4.545562   0.491092  349.884901       7.937570       0
7    4.539936   0.450831  349.939829       8.085228       0
8    4.598650   0.374229  350.082254       7.777916       0
9    4.620886   0.284033  349.867181       7.919686       0
10   4.673847   0.497137  349.988435       7.869890       0
11   4.452148   0.408016  349.953936       8.005712       0
12   4.634362   0.303696  350.032408       7.861492       0
13   4.532308   0.541168  350.103100       7.993128       0
14   4.516078   0.449079  350.033126       7.997555       0
15   4.552083   0.461434  349.889367       7.780379       0
16   4.681253   0.615624  349.992799       8.000353       0
17   4.636164   0.415488  350.036140       8.053804       0
18   4.596417   0.636464  349.738025       7.982190       0
19   4.608705   0.450099  350.009176       7.701243       0
20   4.578033   0.515711  350.147789       7.848173       0
21   4.519151   0.429824  350.091540       7.932875       0
22   4.547024   0.531327  350.009708       7.996864       0
23   4.529795   0.447234  349.960789       7.753649       0
24   4.629612   0.506106  350.000511       7.876541       0
25   4.458463   0.437935  349.965729       7.819772       0
26   4.583871   0.520405  350.188619       7.917458       0
27   4.625755   0.472555  349.808123       7.897349       0
28   4.606023   0.726324  349.980764       7.930155       0
29   4.596529   0.363132  350.114282       7.975193       0
30   4.679103   0.389061  350.140279       7.759815       0
31   4.658686   0.699046  349.900946       7.843370       0
32   4.609965   0.429652  349.844934       7.906856       0
33   4.493770   0.527359  349.908058       8.054993       0
34   4.521675   0.447794  350.081352       7.776914       0
35   4.622746   0.610714  349.839252       7.918463       0
36   4.625988   0.558182  349.876305       7.767954       0
37   4.652194   0.509698  350.025049       7.934645       0
38   4.531998   0.503225  350.029307       7.828565       0
39   4.786577   0.527383  349.880870       7.965655       0
40   4.502532   0.558708  350.115860       7.817932       0
41   4.696338   0.521278  350.082206       8.089679       0
42   4.575461   0.404626  349.911049       7.818419       0
43   4.592290   0.514115  350.027669       7.982718       0
44   4.601300   0.625353  349.973534       8.172017       0
45   4.662567   0.394284  349.892911       7.948247       0
46   4.577654   0.551400  350.047324       7.892717       0
47   4.515321   0.328515  349.955349       7.985640       0
48   4.621409   0.355426  350.017318       7.938532       0
49   4.511614   0.495373  350.005821       7.785703       0
50   4.635779   0.536078  350.108305       8.005380       0
51   4.462233   0.386217  350.051504       7.951379       0
52   4.651505   0.865273  350.057089       8.013557       0
53   4.695400   0.545139  349.968473       7.975897       0
54   4.522717   0.456318  349.951464       7.908187       0
55   4.831466   0.293273  350.068626       7.738728       0
56   4.552807   0.588895  350.006428       7.792226       0
57   4.528470   0.547960  349.926963       7.921646       0
58   4.604557   0.414840  350.214394       7.963392       0
59   4.397486   0.498645  349.933821       7.985243       0
60   4.520748   0.468526  350.050499       7.986576       0
61   4.479970   0.446550  349.952505       7.834667       0
62   4.776545   0.520498  349.873912       7.991786       0
63   4.812216   0.583247  349.848063       7.851577       0
64   4.726691   0.409233  350.044382       7.977463       0
65   4.507307   0.474047  349.675873       7.797561       0
66   4.574743   0.355222  350.163241       7.756986       0
67   4.555996   0.493074  350.144127       7.756414       0
68   4.716316   0.481023  349.901849       7.946210       0
69   4.619906   0.419978  350.006980       7.861469       0
70   4.611352   0.546213  350.158602       7.776218       0
71   4.813303   0.284791  349.984821       7.958832       0
72   4.628099   0.417730  349.979188       7.850700       0
73   4.541064   0.564960  350.035702       7.830709       0
74   4.689960   0.510730  350.081286       7.962963       0
75   4.517100   0.423982  350.074729       7.961037       0
76   4.597910   0.491733  350.127766       7.840843       0
77   4.654710   0.459781  349.978232       8.009878       0
78   4.682542   0.561351  350.130548       7.902100       0
79   4.668195   0.448973  350.032417       7.886986       0
80   4.609700   0.539516  349.918178       8.109239       0
81   4.499398   0.358581  350.115811       7.979166       0
82   4.662412   0.542835  349.998775       7.810275       0
83   4.607580   0.412284  350.097512       7.885294       0
84   4.517450   0.447861  350.041293       7.843628       0
85   4.517778   0.504369  350.024497       7.849306       0
86   4.552896   0.503205  349.855192       7.759254       0
87   4.528156   0.458655  350.031091       8.047536       0
88   4.685766   0.464006  349.998098       7.799747       0
89   4.598149   0.451134  350.032272       7.817277       0
90   4.651935   0.633274  349.989124       7.940171       0
91   4.669014   0.439878  350.022409       7.901259       0
92   4.609768   0.402699  350.002451       7.949800       0
93   4.745114   0.575927  350.215318       7.823265       0
94   4.687232   0.498334  350.218980       7.819170       0
95   4.516028   0.420061  349.787610       7.847424       0
96   4.524087   0.495039  350.034176       8.087617       0
97   4.695042   0.422310  349.910159       7.949192       0
98   4.467977   0.663146  350.117944       7.853082       0
99   4.428687   0.615387  349.988546       8.023782       0
100  2.640557   0.720062   25.000524       8.804698       2
101  2.754993   0.842285   24.893238       8.785762       2
102  2.812030   0.831444   25.071161       8.687536       2
103  2.646589   0.907768   25.033231       8.725151       2
104  2.955115   0.791567   25.117930       8.806752       2
105  3.006075   0.955534   24.975104       8.897157       2
106  2.864538   0.916863   24.903508       8.868605       2
107  2.905842   0.604126   24.881674       8.596077       2
108  2.773059   0.851754   25.150236       8.807409       2
109  2.962862   0.641990   24.829662       8.794445       2
110  2.838407   0.776731   24.793256       8.791088       2
111  2.669553   0.846967   25.036660       8.706012       2
112  2.748613   0.674079   24.993732       8.895514       2
113  2.701427   0.830405   24.946974       8.720713       2
114  2.789297   0.676476   24.944635       8.680212       2
115  2.996473   0.783526   24.930027       8.821398       2
116  2.788767   0.757903   25.061417       8.875751       2
117  2.746950   0.722418   24.972495       8.569808       2
118  2.648481   0.916687   25.164497       8.775096       2
119  2.857656   0.811125   25.307888       8.911957       2
120  2.787208   0.684446   24.839355       8.820346       2
121  2.724365   0.637775   24.935343       8.691845       2
122  2.968714   0.868164   24.999203       8.947994       2
123  2.807737   0.693872   25.152312       8.853891       2
124  2.696275   0.760966   24.912438       8.661720       2
125  2.892618   0.970942   24.860143       8.856297       2
126  2.734936   0.731287   24.940761       8.713601       2
127  2.804852   0.696905   25.027046       8.794976       2
128  2.776105   0.689244   24.942323       8.875539       2
129  2.850092   0.682244   25.009933       8.875139       2
130  2.633059   0.834336   24.933738       8.857060       2
131  2.723674   0.599512   24.837246       8.804808       2
132  2.825972   0.689568   25.063859       8.633848       2
133  2.793392   0.658898   24.934816       8.804740       2
134  2.713959   0.741544   25.100629       8.742311       2
135  2.883569   0.667029   25.052980       8.944157       2
136  2.552836   0.700310   25.057707       8.779695       2
137  2.837115   0.719601   25.008659       8.784432       2
138  2.916778   0.805442   25.033760       8.758812       2
139  2.751239   0.736744   25.039445       8.757902       2
140  2.828977   0.987540   25.087112       8.767398       2
141  2.920121   0.739192   24.796188       8.699191       2
142  2.612921   0.744849   25.001842       8.967644       2
143  2.832693   0.758090   25.082941       8.578886       2
144  2.823561   0.857087   24.852141       8.914375       2
145  2.833850   0.738471   25.063278       9.027069       2
146  2.818187   0.804822   24.954064       8.715016       2
147  2.883034   0.694392   25.007157       8.752234       2
148  2.847898   0.813366   25.103754       8.748998       2
149  2.773013   0.682124   24.955571       8.837730       2
150  2.875699   0.687783   25.086961       8.935564       2
151  2.841343   0.967680   24.922621       8.675535       2
152  2.622128   0.929604   25.065437       8.794442       2
153  2.827997   0.667451   25.244575       8.812922       2
154  2.810939   0.852577   25.048101       8.822388       2
155  2.720953   0.827147   25.188202       8.934542       2
156  2.959319   0.728878   24.901040       8.787421       2
157  2.805572   0.889419   24.830754       8.952955       2
158  2.784199   0.737312   24.898790       8.634514       2
159  2.882317   0.787332   24.871004       8.670492       2
160  2.766422   0.946902   24.974041       8.649686       2
161  2.775426   0.752728   24.730311       8.794571       2
162  2.776907   0.849621   25.184896       8.912657       2
163  2.773111   0.669347   25.257336       8.805922       2
164  2.801393   0.777587   25.019808       8.785564       2
165  2.742634   0.725314   24.996725       8.745658       2
166  2.728715   0.790643   24.974502       8.950399       2
167  2.534903   0.889151   25.124609       8.592661       2
168  2.765731   0.742856   24.859249       8.722218       2
169  2.688942   0.955227   25.093568       8.927156       2
170  2.872167   0.667095   24.947548       8.848937       2
171  2.677787   0.851300   24.975967       8.762518       2
172  2.871096   0.824426   24.963903       8.915933       2
173  2.691894   0.841594   25.059310       8.769045       2
174  2.832613   0.654889   25.092403       8.781510       2
175  2.747728   0.884901   24.929566       8.659154       2
176  2.644337   0.840601   24.871957       8.975479       2
177  2.591807   0.949646   25.021102       8.790329       2
178  2.745508   0.819914   24.996237       8.910330       2
179  2.811423   0.795030   24.963639       8.794305       2
180  2.830780   0.608983   24.865181       8.874326       2
181  2.817087   0.761602   25.001843       8.834758       2
182  2.746024   0.702170   25.019585       8.702163       2
183  2.840825   0.609742   25.102916       8.847260       2
184  2.825603   0.878269   25.166547       8.901437       2
185  2.615913   0.652042   24.937518       8.802609       2
186  2.851766   0.707426   25.018677       8.724462       2
187  2.738848   0.639334   24.907677       8.664832       2
188  2.702413   0.885364   24.905060       9.063238       2
189  2.849332   0.798484   24.914164       8.870031       2
190  2.742436   0.792201   25.256008       8.790394       2
191  2.914927   0.709682   24.996501       8.977080       2
192  2.737303   0.961245   25.070775       8.743753       2
193  2.863241   0.877255   25.062181       8.642978       2
194  2.727286   0.755248   24.992557       8.862067       2
195  2.817770   0.646466   25.038020       8.861059       2
196  2.855979   0.888078   25.083392       8.845918       2
197  2.792983   0.613904   25.042962       8.820769       2
198  2.827158   0.652325   24.891894       8.905315       2
199  2.796044   0.848150   25.002832       8.802976       2
200  4.093828   0.528396  110.009612       8.153772       1
201  3.956550   0.549083  110.022213       8.152125       1
202  4.125576   0.490539  109.981313       8.156027       1
203  4.144698   0.599655  110.103184       8.051444       1
204  4.026705   0.668963  110.008228       8.306548       1
205  3.948271   0.720935  110.229890       8.163716       1
206  3.955450   0.725338  110.157957       8.147714       1
207  3.957981   0.551822  109.865555       8.108135       1
208  3.899586   0.503220  109.996532       8.223421       1
209  4.155050   0.480165  110.098432       8.178601       1
210  3.995054   0.647482  109.887728       8.238241       1
211  4.016645   0.629245  110.028917       8.445530       1
212  3.936226   0.526900  109.937686       8.144452       1
213  3.936261   0.698902  110.142050       8.142925       1
214  3.916764   0.627142  109.944778       8.263293       1
215  4.020292   0.428426  110.154751       8.379588       1
216  3.938721   0.541230  110.028587       8.233446       1
217  4.065854   0.781020  109.982305       8.120170       1
218  3.862068   0.506907  109.996687       8.379456       1
219  3.948239   0.602379  109.998358       8.318839       1
220  4.252693   0.526913  109.951056       8.304416       1
221  4.068189   0.764671  110.058393       8.164071       1
222  4.059065   0.690870  110.082048       8.250727       1
223  4.106667   0.696930  110.138216       8.264871       1
224  3.983288   0.594671  110.120651       8.118306       1
225  4.036867   0.540666  110.002874       8.327845       1
226  4.019110   0.584644  109.864014       8.274625       1
227  4.064548   0.796325  109.969222       8.221915       1
228  4.024938   0.737745  109.990470       8.227902       1
229  4.060790   0.598661  109.955357       8.219409       1
230  4.107363   0.477348  110.013297       8.129988       1
231  4.119505   0.427681  109.944108       8.237721       1
232  4.156552   0.573425  109.944480       8.388116       1
233  3.855199   0.360119  110.044001       8.149795       1
234  3.897877   0.650836  110.024380       8.143592       1
235  3.871970   0.667246  110.065020       8.190082       1
236  4.184664   0.472992  109.847447       8.130809       1
237  3.995441   0.604334  109.975876       8.235206       1
238  3.874846   0.724376  109.991785       8.311730       1
239  4.034273   0.625675  110.056977       8.244771       1
240  4.064272   0.712915  110.019652       8.270900       1
241  3.991026   0.724012  109.932361       8.380094       1
242  3.995984   0.436922  110.012810       8.131895       1
243  4.084064   0.514738  109.955382       8.011046       1
244  3.954769   0.337612  109.841610       8.276041       1
245  4.078580   0.622546  109.903302       8.195229       1
246  3.999640   0.464164  110.150340       8.287736       1
247  3.977904   0.582689  110.020838       7.995827       1
248  3.975282   0.511802  109.899838       8.171890       1
249  4.179769   0.644084  109.942882       8.257258       1
250  4.139936   0.672463  110.005963       8.135306       1
251  4.069822   0.619349  110.089519       8.263517       1
252  4.104955   0.526476  110.131739       8.219760       1
253  4.207526   0.511081  110.173596       8.219791       1
254  3.934858   0.531611  109.967965       8.242417       1
255  4.052284   0.522630  109.997565       8.414227       1
256  4.172754   0.623632  110.003800       8.212003       1
257  4.061352   0.477721  109.974262       8.033142       1
258  4.039922   0.644720  109.951681       8.357399       1
259  3.877423   0.433563  110.022445       8.304710       1
260  4.168393   0.534112  110.107868       8.196149       1
261  3.982737   0.668366  110.065232       8.042361       1
262  4.147654   0.718009  109.937444       8.239580       1
263  4.049403   0.606067  109.944969       8.132838       1
264  3.997445   0.697273  110.054360       8.162939       1
265  4.077170   0.295146  110.114877       8.026029       1
266  3.963756   0.468033  109.870532       8.316083       1
267  3.953230   0.614650  109.995308       8.247704       1
268  4.007682   0.451701  110.099627       8.150624       1
269  3.844342   0.537188  110.150076       8.285022       1
270  3.965135   0.545074  109.967836       8.407675       1
271  4.038194   0.623004  110.103028       8.223879       1
272  3.974096   0.560365  109.992840       8.196278       1
273  4.072763   0.585195  110.073264       8.191928       1
274  4.007864   0.380180  110.091633       8.234649       1
275  4.099801   0.290374  110.208837       8.186041       1
276  4.110818   0.476009  110.061277       8.094658       1
277  3.937623   0.771403  109.980932       8.221743       1
278  4.087007   0.629568  110.015042       8.236496       1
279  4.240342   0.574238  110.020110       8.305065       1
280  4.110553   0.698703  110.063873       8.085700       1
281  4.163343   0.465365  110.030264       8.124572       1
282  3.993586   0.612876  110.032136       8.242192       1
283  4.161371   0.625353  109.975584       8.296409       1
284  4.118947   0.457239  110.059740       8.270117       1
285  3.970244   0.717571  109.984994       8.212558       1
286  3.982693   0.581558  109.890372       8.055995       1
287  4.159451   0.495304  109.900861       7.984661       1
288  3.936104   0.447691  110.164202       8.300982       1
289  3.931185   0.805244  110.098177       8.167517       1
290  3.750059   0.809094  109.861043       8.035460       1
291  4.102257   0.823975  110.138427       8.256391       1
292  4.059475   0.665342  110.075893       8.228119       1
293  4.010420   0.573741  109.924604       8.171932       1
294  3.830704   0.570166  109.901141       8.089641       1
295  4.017989   0.719200  110.091832       8.042950       1
296  3.901037   0.674077  109.901751       8.177537       1
297  4.055005   0.483166  110.010538       8.066597       1
298  3.939863   0.611978  109.840701       8.244047       1
299  3.998036   0.635249  110.022391       8.336414       1


